[[[2.11473414e+02 6.87622822e+02]
  [4.33035744e+03 1.78980846e+00]]

 [[2.19681587e+02 6.87993304e+02]
  [4.64911151e+03 1.74091203e+00]]

 [[2.27981187e+02 6.88203440e+02]
  [5.45543534e+03 1.69407641e+00]]

 [[2.36363593e+02 6.88276143e+02]
  [5.78236701e+03 1.64925954e+00]]

 [[2.44820187e+02 6.88234325e+02]
  [5.80798689e+03 1.60641939e+00]]

 [[2.53342348e+02 6.88100899e+02]
  [5.79790894e+03 1.56551392e+00]]

 [[2.61921457e+02 6.87898777e+02]
  [5.80315927e+03 1.52650107e+00]]

 [[2.70548894e+02 6.87650872e+02]
  [5.84240364e+03 1.48933881e+00]]

 [[2.79216039e+02 6.87380096e+02]
  [5.95481498e+03 1.45398509e+00]]

 [[2.87914273e+02 6.87109362e+02]
  [6.00530611e+03 1.42039787e+00]]

 [[2.96634975e+02 6.86861582e+02]
  [6.03119054e+03 1.38853510e+00]]

 [[3.05369527e+02 6.86659668e+02]
  [6.05139649e+03 1.35835474e+00]]

 [[3.14109308e+02 6.86526534e+02]
  [6.08449073e+03 1.32981475e+00]]

 [[3.22845699e+02 6.86485090e+02]
  [6.10003680e+03 1.30287309e+00]]

 [[3.31570079e+02 6.86558251e+02]
  [6.14934571e+03 1.27748771e+00]]

 [[3.40273830e+02 6.86768928e+02]
  [6.12462852e+03 1.25361656e+00]]

 [[3.48948331e+02 6.87140034e+02]
  [6.13438496e+03 1.23121761e+00]]

 [[3.57584963e+02 6.87694481e+02]
  [6.17553911e+03 1.21024881e+00]]

 [[3.66175106e+02 6.88455182e+02]
  [6.30033810e+03 1.19066812e+00]]

 [[3.74696441e+02 6.89467973e+02]
  [6.33229383e+03 1.17243349e+00]]

 [[3.83019016e+02 6.90958815e+02]
  [6.42924070e+03 1.15550288e+00]]

 [[3.90962009e+02 6.93238789e+02]
  [6.48086308e+03 1.13983425e+00]]

 [[3.98344299e+02 6.96619484e+02]
  [6.42570120e+03 1.12538555e+00]]

 [[4.04984765e+02 7.01411135e+02]
  [6.54120283e+03 1.11211474e+00]]

 [[4.10702286e+02 7.07674649e+02]
  [6.89414015e+03 1.09997978e+00]]

 [[4.15315739e+02 7.14931853e+02]
  [7.33845600e+03 1.08893862e+00]]

 [[4.18645742e+02 7.22637023e+02]
  [7.77837103e+03 1.07894922e+00]]

 [[4.20631501e+02 7.30435035e+02]
  [8.32695850e+03 1.06996953e+00]]

 [[4.21404727e+02 7.38280178e+02]
  [8.76250591e+03 1.06195752e+00]]

 [[4.21114754e+02 7.46155060e+02]
  [9.24442255e+03 1.05487113e+00]]

 [[4.19910727e+02 7.54042289e+02]
  [9.80912590e+03 1.04866833e+00]]

 [[4.17918866e+02 7.61924473e+02]
  [1.03610201e+04 1.04330708e+00]]

 [[4.15220846e+02 7.69784221e+02]
  [1.10972651e+04 1.03874532e+00]]

 [[4.11893219e+02 7.77604140e+02]
  [1.19415215e+04 1.03494101e+00]]

 [[4.08012537e+02 7.85366839e+02]
  [1.28299326e+04 1.03185212e+00]]

 [[4.03655351e+02 7.93054926e+02]
  [1.35736053e+04 1.02943660e+00]]

 [[3.98898215e+02 8.00651009e+02]
  [1.41011544e+04 1.02765240e+00]]

 [[3.93817679e+02 8.08137696e+02]
  [1.47967668e+04 1.02645748e+00]]

 [[3.88490297e+02 8.15497596e+02]
  [1.56323494e+04 1.02580980e+00]]

 [[3.82992619e+02 8.22713316e+02]
  [1.65813321e+04 1.02566731e+00]]

 [[3.77396926e+02 8.29768879e+02]
  [1.74777087e+04 1.02598797e+00]]

 [[3.71731313e+02 8.36662924e+02]
  [1.83359493e+04 1.02672974e+00]]

 [[3.65997768e+02 8.43402727e+02]
  [1.90685285e+04 1.02785058e+00]]

 [[3.60197940e+02 8.49995677e+02]
  [1.97974568e+04 1.02930843e+00]]

 [[3.54333480e+02 8.56449162e+02]
  [2.08110850e+04 1.03106126e+00]]

 [[3.48406037e+02 8.62770572e+02]
  [2.17032823e+04 1.03306703e+00]]

 [[3.42417261e+02 8.68967294e+02]
  [2.25790664e+04 1.03528368e+00]]

 [[3.36368802e+02 8.75046717e+02]
  [2.35153202e+04 1.03766918e+00]]

 [[3.30262310e+02 8.81016229e+02]
  [2.43017621e+04 1.04018148e+00]]

 [[3.24099435e+02 8.86883220e+02]
  [2.50939631e+04 1.04277855e+00]]

 [[3.17881825e+02 8.92655077e+02]
  [2.59262117e+04 1.04541832e+00]]

 [[3.11611133e+02 8.98339190e+02]
  [2.70103758e+04 1.04805878e+00]]

 [[3.05289006e+02 9.03942945e+02]
  [2.80702743e+04 1.05065785e+00]]

 [[2.98917094e+02 9.09473733e+02]
  [2.87513518e+04 1.05317352e+00]]

 [[2.92497049e+02 9.14938942e+02]
  [2.94750768e+04 1.05556373e+00]]

 [[2.86030519e+02 9.20345960e+02]
  [3.02530686e+04 1.05778643e+00]]

 [[2.79519154e+02 9.25702175e+02]
  [3.10180273e+04 1.05979959e+00]]

 [[2.72964605e+02 9.31014977e+02]
  [3.18295621e+04 1.06156116e+00]]

 [[2.66368520e+02 9.36291754e+02]
  [3.26972925e+04 1.06302910e+00]]

 [[2.59732550e+02 9.41539893e+02]
  [3.35838555e+04 1.06416137e+00]]

 [[2.53058344e+02 9.46766785e+02]
  [3.44237155e+04 1.06491591e+00]]

 [[2.46347553e+02 9.51979817e+02]
  [3.52325371e+04 1.06525069e+00]]

 [[2.39601825e+02 9.57186377e+02]
  [3.61596306e+04 1.06512367e+00]]

 [[2.32822838e+02 9.62393856e+02]
  [3.71288536e+04 1.06449280e+00]]

 [[2.26015151e+02 9.67609786e+02]
  [3.80366731e+04 1.06331603e+00]]

 [[2.19188783e+02 9.72841968e+02]
  [3.89804000e+04 1.06155133e+00]]

 [[2.12354362e+02 9.78098232e+02]
  [3.99419541e+04 1.05915665e+00]]

 [[2.05522517e+02 9.83386411e+02]
  [4.08497452e+04 1.05608994e+00]]

 [[1.98703875e+02 9.88714335e+02]
  [4.17311892e+04 1.05230917e+00]]

 [[1.91909064e+02 9.94089835e+02]
  [4.26411914e+04 1.04777229e+00]]

 [[1.85148712e+02 9.99520743e+02]
  [4.35233792e+04 1.04243725e+00]]

 [[1.78433448e+02 1.00501489e+03]
  [4.44419215e+04 1.03626202e+00]]

 [[1.71773898e+02 1.01058011e+03]
  [4.53939011e+04 1.02920455e+00]]

 [[1.65180691e+02 1.01622423e+03]
  [4.62272603e+04 1.02122279e+00]]

 [[1.58664454e+02 1.02195508e+03]
  [4.70130470e+04 1.01227470e+00]]

 [[1.52235817e+02 1.02778049e+03]
  [4.78695201e+04 1.00231824e+00]]

 [[1.45905406e+02 1.03370830e+03]
  [4.87466832e+04 9.91311374e-01]]

 [[1.39683849e+02 1.03974633e+03]
  [4.95146959e+04 9.79212044e-01]]

 [[1.33581775e+02 1.04590243e+03]
  [4.99970078e+04 9.65978213e-01]]

 [[1.27609811e+02 1.05218441e+03]
  [5.01741651e+04 9.51567837e-01]]

 [[1.21778585e+02 1.05860010e+03]
  [4.96962860e+04 9.35938873e-01]]

 [[1.16098726e+02 1.06515735e+03]
  [4.86364813e+04 9.19049276e-01]]

 [[1.10580860e+02 1.07186399e+03]
  [4.76202850e+04 9.00857004e-01]]

 [[1.05229715e+02 1.07871922e+03]
  [4.62098099e+04 8.81320013e-01]]

 [[1.00017204e+02 1.08567443e+03]
  [4.45618398e+04 8.60396260e-01]]

 [[9.49039089e+01 1.09266445e+03]
  [4.30039894e+04 8.38043701e-01]]

 [[8.98503976e+01 1.09962410e+03]
  [4.16001468e+04 8.14220292e-01]]

 [[8.48172395e+01 1.10648820e+03]
  [4.02322111e+04 7.88883990e-01]]

 [[7.97650036e+01 1.11319157e+03]
  [3.84052781e+04 7.61992753e-01]]

 [[7.46542590e+01 1.11966904e+03]
  [3.57297110e+04 7.33504535e-01]]

 [[6.94455747e+01 1.12585541e+03]
  [3.27473563e+04 7.03377294e-01]]

 [[6.40995198e+01 1.13168552e+03]
  [2.84473274e+04 6.71568986e-01]]

 [[5.85766633e+01 1.13709675e+03]
  [2.32027299e+04 6.38037568e-01]]

 [[5.28375744e+01 1.14214681e+03]
  [1.91483835e+04 6.02740997e-01]]

 [[4.68428221e+01 1.14706252e+03]
  [1.53897715e+04 5.65637228e-01]]

 [[4.05529754e+01 1.15208340e+03]
  [1.21716645e+04 5.26684218e-01]]

 [[3.39286035e+01 1.15744897e+03]
  [9.83448446e+03 4.85839925e-01]]

 [[2.69302753e+01 1.16339876e+03]
  [8.03971577e+03 4.43062303e-01]]

 [[1.95185599e+01 1.17017228e+03]
  [6.33303044e+03 3.98309311e-01]]

 [[1.16540264e+01 1.17800906e+03]
  [4.47537403e+03 3.51538904e-01]]]
[[ 211.473414    687.62282248]
 [ 219.68158693  687.99330399]
 [ 227.98118652  688.20343993]
 [ 236.36359304  688.27614276]
 [ 244.82018675  688.23432493]
 [ 253.34234794  688.10089891]
 [ 261.92145686  687.89877714]
 [ 270.54889378  687.65087209]
 [ 279.21603899  687.38009622]
 [ 287.91427274  687.10936197]
 [ 296.63497531  686.86158181]
 [ 305.36952696  686.65966819]
 [ 314.10930797  686.52653358]
 [ 322.8456986   686.48509042]
 [ 331.57007913  686.55825117]
 [ 340.27382982  686.7689283 ]
 [ 348.94833094  687.14003425]
 [ 357.58496277  687.6944815 ]
 [ 366.17510557  688.45518248]
 [ 374.69644133  689.46797318]
 [ 383.0190156   690.95881476]
 [ 390.96200869  693.23878935]
 [ 398.34429907  696.61948411]
 [ 404.98476524  701.41113506]
 [ 410.7022857   707.67464889]
 [ 415.31573892  714.93185293]
 [ 418.64574237  722.63702291]
 [ 420.63150065  730.43503529]
 [ 421.40472693  738.28017833]
 [ 421.11475434  746.15506021]
 [ 419.91072699  754.04228912]
 [ 417.91886628  761.92447324]
 [ 415.22084632  769.78422077]
 [ 411.89321915  777.60413987]
 [ 408.01253681  785.36683874]
 [ 403.65535134  793.05492557]
 [ 398.89821479  800.65100855]
 [ 393.81767918  808.13769584]
 [ 388.49029656  815.49759566]
 [ 382.99261897  822.71331617]
 [ 377.39692645  829.76887889]
 [ 371.73131313  836.66292362]
 [ 365.99776768  843.40272677]
 [ 360.19793993  849.99567685]
 [ 354.3334797   856.44916239]
 [ 348.40603678  862.7705719 ]
 [ 342.417261    868.96729391]
 [ 336.36880216  875.04671693]
 [ 330.26231008  881.01622948]
 [ 324.09943457  886.88322008]
 [ 317.88182545  892.65507726]
 [ 311.61113252  898.33918953]
 [ 305.2890056   903.94294541]
 [ 298.91709449  909.47373342]
 [ 292.49704902  914.93894208]
 [ 286.03051899  920.34595991]
 [ 279.51915422  925.70217542]
 [ 272.96460452  931.01497715]
 [ 266.3685197   936.29175361]
 [ 259.73254958  941.53989331]
 [ 253.05834396  946.76678478]
 [ 246.34755265  951.97981654]
 [ 239.60182548  957.1863771 ]
 [ 232.82283833  962.39385627]
 [ 226.01515089  967.60978605]
 [ 219.18878292  972.84196761]
 [ 212.35436236  978.09823214]
 [ 205.52251712  983.38641081]
 [ 198.70387511  988.71433478]
 [ 191.90906426  994.08983525]
 [ 185.14871247  999.52074338]
 [ 178.43344767 1005.01489034]
 [ 171.77389777 1010.58010732]
 [ 165.18069069 1016.22422548]
 [ 158.66445435 1021.955076  ]
 [ 152.23581666 1027.78049005]
 [ 145.90540555 1033.70829881]
 [ 139.68384891 1039.74633345]
 [ 133.58177469 1045.90242515]
 [ 127.60981078 1052.18440508]
 [ 121.77858512 1058.60010442]
 [ 116.09872561 1065.15735434]
 [ 110.58086017 1071.86398601]
 [ 105.22971462 1078.7192224 ]
 [ 100.01720424 1085.67443239]
 [  94.90390888 1092.66445213]
 [  89.85039762 1099.62410205]
 [  84.8172395  1106.48820258]
 [  79.7650036  1113.19157413]
 [  74.65425897 1119.66903714]
 [  69.44557468 1125.85541202]
 [  64.09951978 1131.6855192 ]
 [  58.57666335 1137.0967526 ]
 [  52.83757444 1142.14681022]
 [  46.84282211 1147.06251839]
 [  40.55297544 1152.08339832]
 [  33.92860347 1157.44897124]
 [  26.93027527 1163.39875837]
 [  19.5185599  1170.17228094]
 [  11.65402643 1178.00906015]]

 [[[2.18399273e+02 6.88122409e+02]
  [4.39949006e+03 1.75935664e+00]]

 [[2.18401975e+02 6.88122145e+02]
  [4.39974360e+03 1.75933631e+00]]

 [[2.18404694e+02 6.88121879e+02]
  [4.39999878e+03 1.75931585e+00]]

 [[2.18407430e+02 6.88121612e+02]
  [4.40025553e+03 1.75929527e+00]]

 [[2.18410182e+02 6.88121343e+02]
  [4.40051377e+03 1.75927456e+00]]

 [[2.18412949e+02 6.88121073e+02]
  [4.40077343e+03 1.75925374e+00]]

 [[2.18415731e+02 6.88120801e+02]
  [4.40103446e+03 1.75923282e+00]]

 [[2.18418526e+02 6.88120528e+02]
  [4.40129678e+03 1.75921178e+00]]

 [[2.18421335e+02 6.88120254e+02]
  [4.40156032e+03 1.75919066e+00]]

 [[2.18424155e+02 6.88119978e+02]
  [4.40182501e+03 1.75916943e+00]]

 [[2.18426988e+02 6.88119702e+02]
  [4.40209079e+03 1.75914812e+00]]

 [[2.18429831e+02 6.88119424e+02]
  [4.40235759e+03 1.75912673e+00]]

 [[2.18432684e+02 6.88119145e+02]
  [4.40262533e+03 1.75910527e+00]]

 [[2.18435547e+02 6.88118866e+02]
  [4.40289396e+03 1.75908373e+00]]

 [[2.18438418e+02 6.88118585e+02]
  [4.40316340e+03 1.75906213e+00]]

 [[2.18441297e+02 6.88118304e+02]
  [4.40343358e+03 1.75904047e+00]]

 [[2.18444183e+02 6.88118022e+02]
  [4.40370444e+03 1.75901875e+00]]

 [[2.18447076e+02 6.88117740e+02]
  [4.40397590e+03 1.75899699e+00]]

 [[2.18449975e+02 6.88117457e+02]
  [4.40424790e+03 1.75897518e+00]]

 [[2.18452878e+02 6.88117173e+02]
  [4.40452037e+03 1.75895333e+00]]

 [[2.18455786e+02 6.88116889e+02]
  [4.40479325e+03 1.75893146e+00]]

 [[2.18458698e+02 6.88116605e+02]
  [4.40506645e+03 1.75890955e+00]]

 [[2.18461612e+02 6.88116320e+02]
  [4.40533993e+03 1.75888763e+00]]

 [[2.18464528e+02 6.88116035e+02]
  [4.40561359e+03 1.75886568e+00]]

 [[2.18467446e+02 6.88115750e+02]
  [4.40588739e+03 1.75884373e+00]]

 [[2.18470364e+02 6.88115465e+02]
  [4.40616125e+03 1.75882178e+00]]

 [[2.18473282e+02 6.88115180e+02]
  [4.40643509e+03 1.75879982e+00]]

 [[2.18476200e+02 6.88114895e+02]
  [4.40670886e+03 1.75877787e+00]]

 [[2.18479116e+02 6.88114611e+02]
  [4.40698249e+03 1.75875593e+00]]

 [[2.18482029e+02 6.88114326e+02]
  [4.40725590e+03 1.75873401e+00]]

 [[2.18484940e+02 6.88114042e+02]
  [4.40752903e+03 1.75871211e+00]]

 [[2.18487847e+02 6.88113758e+02]
  [4.40780181e+03 1.75869024e+00]]

 [[2.18490749e+02 6.88113474e+02]
  [4.40807416e+03 1.75866841e+00]]

 [[2.18493646e+02 6.88113191e+02]
  [4.40834604e+03 1.75864661e+00]]

 [[2.18496537e+02 6.88112909e+02]
  [4.40861735e+03 1.75862486e+00]]

 [[2.18499422e+02 6.88112627e+02]
  [4.40888804e+03 1.75860316e+00]]

 [[2.18502299e+02 6.88112346e+02]
  [4.40915804e+03 1.75858151e+00]]

 [[2.18505168e+02 6.88112066e+02]
  [4.40942728e+03 1.75855992e+00]]

 [[2.18508029e+02 6.88111787e+02]
  [4.40969568e+03 1.75853840e+00]]

 [[2.18510879e+02 6.88111508e+02]
  [4.40996319e+03 1.75851696e+00]]

 [[2.18513720e+02 6.88111231e+02]
  [4.41022974e+03 1.75849559e+00]]

 [[2.18516549e+02 6.88110954e+02]
  [4.41049525e+03 1.75847430e+00]]

 [[2.18519367e+02 6.88110679e+02]
  [4.41075965e+03 1.75845310e+00]]

 [[2.18522172e+02 6.88110405e+02]
  [4.41102289e+03 1.75843199e+00]]

 [[2.18524964e+02 6.88110133e+02]
  [4.41128488e+03 1.75841099e+00]]

 [[2.18527742e+02 6.88109861e+02]
  [4.41154557e+03 1.75839009e+00]]

 [[2.18530505e+02 6.88109591e+02]
  [4.41180488e+03 1.75836930e+00]]

 [[2.18533253e+02 6.88109323e+02]
  [4.41206274e+03 1.75834862e+00]]

 [[2.18535985e+02 6.88109056e+02]
  [4.41231910e+03 1.75832807e+00]]

 [[2.18538700e+02 6.88108791e+02]
  [4.41257387e+03 1.75830764e+00]]

 [[2.18541397e+02 6.88108528e+02]
  [4.41282699e+03 1.75828735e+00]]

 [[2.18544076e+02 6.88108266e+02]
  [4.41307839e+03 1.75826719e+00]]

 [[2.18546736e+02 6.88108006e+02]
  [4.41332800e+03 1.75824718e+00]]

 [[2.18549376e+02 6.88107748e+02]
  [4.41357576e+03 1.75822732e+00]]

 [[2.18551996e+02 6.88107492e+02]
  [4.41382159e+03 1.75820761e+00]]

 [[2.18554595e+02 6.88107239e+02]
  [4.41406544e+03 1.75818806e+00]]

 [[2.18557171e+02 6.88106987e+02]
  [4.41430722e+03 1.75816867e+00]]

 [[2.18559725e+02 6.88106738e+02]
  [4.41454687e+03 1.75814946e+00]]

 [[2.18562255e+02 6.88106490e+02]
  [4.41478433e+03 1.75813042e+00]]

 [[2.18564762e+02 6.88106246e+02]
  [4.41501952e+03 1.75811156e+00]]

 [[2.18567243e+02 6.88106003e+02]
  [4.41525238e+03 1.75809290e+00]]

 [[2.18569699e+02 6.88105763e+02]
  [4.41548283e+03 1.75807442e+00]]

 [[2.18572128e+02 6.88105526e+02]
  [4.41571081e+03 1.75805614e+00]]

 [[2.18574531e+02 6.88105291e+02]
  [4.41593626e+03 1.75803807e+00]]

 [[2.18576906e+02 6.88105060e+02]
  [4.41615909e+03 1.75802020e+00]]

 [[2.18579252e+02 6.88104830e+02]
  [4.41637925e+03 1.75800255e+00]]

 [[2.18581569e+02 6.88104604e+02]
  [4.41659667e+03 1.75798512e+00]]

 [[2.18583855e+02 6.88104381e+02]
  [4.41681127e+03 1.75796791e+00]]

 [[2.18586112e+02 6.88104160e+02]
  [4.41702299e+03 1.75795094e+00]]

 [[2.18588336e+02 6.88103943e+02]
  [4.41723176e+03 1.75793420e+00]]

 [[2.18590529e+02 6.88103729e+02]
  [4.41743751e+03 1.75791770e+00]]

 [[2.18592689e+02 6.88103518e+02]
  [4.41764018e+03 1.75790145e+00]]

 [[2.18594815e+02 6.88103310e+02]
  [4.41783969e+03 1.75788546e+00]]

 [[2.18596907e+02 6.88103106e+02]
  [4.41803598e+03 1.75786972e+00]]

 [[2.18598963e+02 6.88102905e+02]
  [4.41822898e+03 1.75785425e+00]]

 [[2.18600984e+02 6.88102708e+02]
  [4.41841862e+03 1.75783904e+00]]

 [[2.18602968e+02 6.88102514e+02]
  [4.41860482e+03 1.75782411e+00]]

 [[2.18604915e+02 6.88102324e+02]
  [4.41878754e+03 1.75780946e+00]]

 [[2.18606824e+02 6.88102137e+02]
  [4.41896668e+03 1.75779510e+00]]

 [[2.18608695e+02 6.88101955e+02]
  [4.41914220e+03 1.75778103e+00]]

 [[2.18610526e+02 6.88101776e+02]
  [4.41931401e+03 1.75776725e+00]]

 [[2.18612316e+02 6.88101601e+02]
  [4.41948205e+03 1.75775378e+00]]

 [[2.18614066e+02 6.88101430e+02]
  [4.41964625e+03 1.75774062e+00]]

 [[2.18615774e+02 6.88101263e+02]
  [4.41980654e+03 1.75772777e+00]]

 [[2.18617440e+02 6.88101101e+02]
  [4.41996286e+03 1.75771523e+00]]

 [[2.18619063e+02 6.88100942e+02]
  [4.42011514e+03 1.75770302e+00]]

 [[2.18620642e+02 6.88100788e+02]
  [4.42026330e+03 1.75769114e+00]]

 [[2.18622176e+02 6.88100638e+02]
  [4.42040728e+03 1.75767960e+00]]

 [[2.18623665e+02 6.88100493e+02]
  [4.42054701e+03 1.75766840e+00]]

 [[2.18625108e+02 6.88100352e+02]
  [4.42068243e+03 1.75765754e+00]]

 [[2.18626505e+02 6.88100215e+02]
  [4.42081346e+03 1.75764704e+00]]

 [[2.18627853e+02 6.88100084e+02]
  [4.42094003e+03 1.75763689e+00]]

 [[2.18629154e+02 6.88099957e+02]
  [4.42106209e+03 1.75762710e+00]]

 [[2.18630406e+02 6.88099834e+02]
  [4.42117955e+03 1.75761768e+00]]

 [[2.18631608e+02 6.88099717e+02]
  [4.42129235e+03 1.75760864e+00]]

 [[2.18632759e+02 6.88099604e+02]
  [4.42140042e+03 1.75759998e+00]]

 [[2.18633860e+02 6.88099497e+02]
  [4.42150370e+03 1.75759170e+00]]

 [[2.18634909e+02 6.88099395e+02]
  [4.42160211e+03 1.75758381e+00]]

 [[2.18635905e+02 6.88099297e+02]
  [4.42169559e+03 1.75757631e+00]]

 [[2.18636848e+02 6.88099205e+02]
  [4.42178407e+03 1.75756922e+00]]

 [[2.18637737e+02 6.88099118e+02]
  [4.42186748e+03 1.75756253e+00]]

 [[2.18638571e+02 6.88099037e+02]
  [4.42194575e+03 1.75755625e+00]]

 [[2.18639349e+02 6.88098961e+02]
  [4.42201881e+03 1.75755040e+00]]

 [[2.18640072e+02 6.88098890e+02]
  [4.42208660e+03 1.75754496e+00]]

 [[2.18640737e+02 6.88098825e+02]
  [4.42214904e+03 1.75753996e+00]]

 [[2.18641345e+02 6.88098766e+02]
  [4.42220608e+03 1.75753538e+00]]

 [[2.18641894e+02 6.88098712e+02]
  [4.42225763e+03 1.75753125e+00]]

 [[2.18642384e+02 6.88098664e+02]
  [4.42230363e+03 1.75752756e+00]]

 [[2.18642815e+02 6.88098622e+02]
  [4.42234402e+03 1.75752432e+00]]

 [[2.18643185e+02 6.88098586e+02]
  [4.42237872e+03 1.75752154e+00]]

 [[2.18643493e+02 6.88098556e+02]
  [4.42240767e+03 1.75751922e+00]]

 [[2.18643740e+02 6.88098532e+02]
  [4.42243079e+03 1.75751737e+00]]

 [[2.18643923e+02 6.88098514e+02]
  [4.42244803e+03 1.75751598e+00]]

 [[2.18644043e+02 6.88098502e+02]
  [4.42245930e+03 1.75751508e+00]]

 [[2.18644099e+02 6.88098497e+02]
  [4.42246455e+03 1.75751466e+00]]

 [[2.18644090e+02 6.88098498e+02]
  [4.42246371e+03 1.75751473e+00]]

 [[2.18644016e+02 6.88098505e+02]
  [4.42245669e+03 1.75751529e+00]]

 [[2.18643874e+02 6.88098519e+02]
  [4.42244345e+03 1.75751635e+00]]

 [[2.18643666e+02 6.88098539e+02]
  [4.42242390e+03 1.75751792e+00]]

 [[2.18643390e+02 6.88098566e+02]
  [4.42239799e+03 1.75752000e+00]]

 [[2.18643045e+02 6.88098600e+02]
  [4.42236564e+03 1.75752259e+00]]

 [[2.18642631e+02 6.88098640e+02]
  [4.42232678e+03 1.75752571e+00]]

 [[2.18642147e+02 6.88098688e+02]
  [4.42228135e+03 1.75752935e+00]]

 [[2.18641592e+02 6.88098742e+02]
  [4.42222927e+03 1.75753352e+00]]

 [[2.18640966e+02 6.88098803e+02]
  [4.42217048e+03 1.75753824e+00]]

 [[2.18640267e+02 6.88098871e+02]
  [4.42210492e+03 1.75754349e+00]]

 [[2.18639495e+02 6.88098947e+02]
  [4.42203250e+03 1.75754930e+00]]

 [[2.18638650e+02 6.88099029e+02]
  [4.42195317e+03 1.75755566e+00]]

 [[2.18637730e+02 6.88099119e+02]
  [4.42186685e+03 1.75756258e+00]]

 [[2.18636735e+02 6.88099216e+02]
  [4.42177348e+03 1.75757007e+00]]

 [[2.18635664e+02 6.88099321e+02]
  [4.42167299e+03 1.75757812e+00]]

 [[2.18634517e+02 6.88099433e+02]
  [4.42156531e+03 1.75758676e+00]]

 [[2.18633292e+02 6.88099552e+02]
  [4.42145037e+03 1.75759597e+00]]

 [[2.18631989e+02 6.88099680e+02]
  [4.42132810e+03 1.75760577e+00]]

 [[2.18630607e+02 6.88099815e+02]
  [4.42119844e+03 1.75761617e+00]]

 [[2.18629146e+02 6.88099957e+02]
  [4.42106131e+03 1.75762716e+00]]

 [[2.18627604e+02 6.88100108e+02]
  [4.42091665e+03 1.75763876e+00]]

 [[2.18625982e+02 6.88100266e+02]
  [4.42076439e+03 1.75765097e+00]]

 [[2.18624277e+02 6.88100433e+02]
  [4.42060447e+03 1.75766379e+00]]

 [[2.18622491e+02 6.88100607e+02]
  [4.42043680e+03 1.75767723e+00]]

 [[2.18620621e+02 6.88100790e+02]
  [4.42026133e+03 1.75769130e+00]]

 [[2.18618667e+02 6.88100981e+02]
  [4.42007799e+03 1.75770600e+00]]

 [[2.18616629e+02 6.88101180e+02]
  [4.41988670e+03 1.75772134e+00]]

 [[2.18614505e+02 6.88101387e+02]
  [4.41968740e+03 1.75773732e+00]]

 [[2.18612295e+02 6.88101603e+02]
  [4.41948003e+03 1.75775394e+00]]

 [[2.18609998e+02 6.88101827e+02]
  [4.41926450e+03 1.75777122e+00]]

 [[2.18607614e+02 6.88102060e+02]
  [4.41904076e+03 1.75778916e+00]]

 [[2.18605141e+02 6.88102302e+02]
  [4.41880874e+03 1.75780776e+00]]

 [[2.18602580e+02 6.88102552e+02]
  [4.41856836e+03 1.75782704e+00]]

 [[2.18599928e+02 6.88102811e+02]
  [4.41831956e+03 1.75784698e+00]]

 [[2.18597187e+02 6.88103079e+02]
  [4.41806227e+03 1.75786761e+00]]

 [[2.18594354e+02 6.88103355e+02]
  [4.41779642e+03 1.75788893e+00]]

 [[2.18591429e+02 6.88103641e+02]
  [4.41752195e+03 1.75791093e+00]]

 [[2.18588411e+02 6.88103936e+02]
  [4.41723878e+03 1.75793364e+00]]

 [[2.18585300e+02 6.88104240e+02]
  [4.41694685e+03 1.75795704e+00]]

 [[2.18582095e+02 6.88104553e+02]
  [4.41664609e+03 1.75798115e+00]]

 [[2.18578795e+02 6.88104875e+02]
  [4.41633643e+03 1.75800598e+00]]

 [[2.18575400e+02 6.88105207e+02]
  [4.41601780e+03 1.75803153e+00]]

 [[2.18571908e+02 6.88105548e+02]
  [4.41569013e+03 1.75805780e+00]]

 [[2.18568319e+02 6.88105898e+02]
  [4.41535335e+03 1.75808480e+00]]

 [[2.18564633e+02 6.88106258e+02]
  [4.41500741e+03 1.75811254e+00]]

 [[2.18560848e+02 6.88106628e+02]
  [4.41465222e+03 1.75814101e+00]]

 [[2.18556963e+02 6.88107007e+02]
  [4.41428772e+03 1.75817024e+00]]

 [[2.18552979e+02 6.88107396e+02]
  [4.41391384e+03 1.75820021e+00]]

 [[2.18548894e+02 6.88107795e+02]
  [4.41353052e+03 1.75823095e+00]]

 [[2.18544708e+02 6.88108204e+02]
  [4.41313768e+03 1.75826244e+00]]

 [[2.18540420e+02 6.88108623e+02]
  [4.41273526e+03 1.75829471e+00]]

 [[2.18536028e+02 6.88109052e+02]
  [4.41232318e+03 1.75832774e+00]]

 [[2.18531534e+02 6.88109491e+02]
  [4.41190138e+03 1.75836156e+00]]

 [[2.18526934e+02 6.88109940e+02]
  [4.41146980e+03 1.75839616e+00]]

 [[2.18522230e+02 6.88110400e+02]
  [4.41102836e+03 1.75843156e+00]]

 [[2.18517420e+02 6.88110869e+02]
  [4.41057699e+03 1.75846774e+00]]

 [[2.18512504e+02 6.88111350e+02]
  [4.41011562e+03 1.75850473e+00]]

 [[2.18507480e+02 6.88111840e+02]
  [4.40964420e+03 1.75854253e+00]]

 [[2.18502348e+02 6.88112341e+02]
  [4.40916264e+03 1.75858114e+00]]

 [[2.18497108e+02 6.88112853e+02]
  [4.40867088e+03 1.75862057e+00]]

 [[2.18491758e+02 6.88113376e+02]
  [4.40816886e+03 1.75866082e+00]]

 [[2.18486298e+02 6.88113909e+02]
  [4.40765650e+03 1.75870189e+00]]

 [[2.18480727e+02 6.88114453e+02]
  [4.40713373e+03 1.75874381e+00]]

 [[2.18475045e+02 6.88115008e+02]
  [4.40660049e+03 1.75878656e+00]]

 [[2.18469250e+02 6.88115574e+02]
  [4.40605671e+03 1.75883016e+00]]

 [[2.18463342e+02 6.88116151e+02]
  [4.40550233e+03 1.75887461e+00]]

 [[2.18457321e+02 6.88116739e+02]
  [4.40493726e+03 1.75891991e+00]]

 [[2.18451185e+02 6.88117339e+02]
  [4.40436144e+03 1.75896608e+00]]

 [[2.18444933e+02 6.88117949e+02]
  [4.40377481e+03 1.75901311e+00]]

 [[2.18438566e+02 6.88118571e+02]
  [4.40317730e+03 1.75906101e+00]]

 [[2.18432082e+02 6.88119204e+02]
  [4.40256884e+03 1.75910980e+00]]

 [[2.18425480e+02 6.88119849e+02]
  [4.40194935e+03 1.75915946e+00]]

 [[2.18418761e+02 6.88120505e+02]
  [4.40131878e+03 1.75921002e+00]]

 [[2.18411922e+02 6.88121173e+02]
  [4.40067705e+03 1.75926147e+00]]

 [[2.18404964e+02 6.88121853e+02]
  [4.40002409e+03 1.75931382e+00]]

 [[2.18397885e+02 6.88122544e+02]
  [4.39935984e+03 1.75936708e+00]]

 [[2.18390686e+02 6.88123247e+02]
  [4.39868423e+03 1.75942125e+00]]

 [[2.18383364e+02 6.88123962e+02]
  [4.39799719e+03 1.75947633e+00]]

 [[2.18375920e+02 6.88124689e+02]
  [4.39729865e+03 1.75953233e+00]]

 [[2.18368353e+02 6.88125429e+02]
  [4.39658854e+03 1.75958927e+00]]

 [[2.18360662e+02 6.88126180e+02]
  [4.39586680e+03 1.75964713e+00]]

 [[2.18352846e+02 6.88126943e+02]
  [4.39513335e+03 1.75970594e+00]]

 [[2.18344905e+02 6.88127719e+02]
  [4.39438813e+03 1.75976569e+00]]

 [[2.18336837e+02 6.88128507e+02]
  [4.39363107e+03 1.75982638e+00]]

 [[2.18328643e+02 6.88129307e+02]
  [4.39286210e+03 1.75988803e+00]]

 [[2.18320321e+02 6.88130120e+02]
  [4.39208115e+03 1.75995065e+00]]

 [[2.18311870e+02 6.88130945e+02]
  [4.39128815e+03 1.76001423e+00]]

 [[2.18303290e+02 6.88131783e+02]
  [4.39048305e+03 1.76007877e+00]]

 [[2.18294581e+02 6.88132634e+02]
  [4.38966575e+03 1.76014430e+00]]

 [[2.18285741e+02 6.88133497e+02]
  [4.38883621e+03 1.76021081e+00]]

 [[2.18276770e+02 6.88134373e+02]
  [4.38799435e+03 1.76027831e+00]]

 [[2.18267667e+02 6.88135262e+02]
  [4.38714010e+03 1.76034680e+00]]

 [[2.18258431e+02 6.88136164e+02]
  [4.38627339e+03 1.76041628e+00]]]